# Camera list with one line of data per camera:
#   CAMERA_ID, MODEL, WIDTH, HEIGHT, PARAMS[]
# Number of cameras: 702
0 PINHOLE 518 392 183.99999999999997 188.0 259.0 196.0
1 PINHOLE 518 392 181.69389476781788 186.1384589909083 259.46246055132616 195.8575549714068
2 PINHOLE 518 392 181.12017845839364 183.26561212992553 258.827675106893 196.25364303367385
3 PINHOLE 518 392 184.21576604312654 185.709325564251 258.9544980196509 195.9886996496516
4 PINHOLE 518 392 182.9125563352193 184.57494549282296 259.2542858087498 196.07584738011735
5 PINHOLE 518 392 181.2657974878114 183.9322746121235 260.4671585198122 195.3832605073249
6 PINHOLE 518 392 184.4300944750801 185.17399984365292 261.7459946028604 196.97342314252728
7 PINHOLE 518 392 184.53863272746415 185.5206982129758 259.6879358200771 197.1316011813072
8 PINHOLE 518 392 180.4353450585522 182.92688479140165 261.26306098901455 195.2253737020268
9 PINHOLE 518 392 184.59574271190215 186.21691518747988 263.7863654385634 197.68193698748857
10 PINHOLE 518 392 187.9436943531331 187.7153746895674 261.6869223528366 197.21756377075272
11 PINHOLE 518 392 177.39804147298634 178.95493866416285 260.61598061232536 193.3975002333641
12 PINHOLE 518 392 181.9359156058318 184.6753280513966 266.2775389523289 197.883830595909
13 PINHOLE 518 392 186.8926394142018 187.27492163438248 264.12426352517315 196.86924166711893
14 PINHOLE 518 392 179.48091754068844 180.8217951083278 259.979028866479 190.7829412128438
15 PINHOLE 518 392 180.65718891921898 182.4379547375001 266.8111050579546 198.42411373682734
16 PINHOLE 518 392 189.9935766262829 189.7086481540761 267.29747154830534 196.1951480833018
17 PINHOLE 518 392 181.605448379335 186.72658803517595 258.1717800142658 189.36152137866355
18 PINHOLE 518 392 175.9260529831737 180.7363486123395 266.0948674571783 198.50943247232112
19 PINHOLE 518 392 183.3983750794972 186.5403209721461 269.8392236452252 194.6681114488255
20 PINHOLE 518 392 180.06100427636642 185.002412440772 255.53950519433886 187.2017171309489
21 PINHOLE 518 392 173.0417516031323 179.90415201129346 264.32875082574685 198.66570024631193
22 PINHOLE 518 392 179.72780462500637 184.41649666642272 270.93617311867064 193.38030134151202
23 PINHOLE 518 392 181.67390634814328 186.87607037246457 250.4113892663484 186.18594563334642
24 PINHOLE 518 392 170.48210686181073 178.4350978954779 263.6245849180465 199.0512027661911
25 PINHOLE 518 392 181.33590776796987 187.84509391343474 272.78054140422506 192.07229594057563
26 PINHOLE 518 392 181.47172289129722 190.0846344265906 247.8046013763034 185.8000295795749
27 PINHOLE 518 392 169.89352340224053 180.3194477124538 263.65301399249284 199.3892980550435
28 PINHOLE 518 392 181.34721947873015 187.4151538007391 275.53551100730635 191.79201424746466
29 PINHOLE 518 392 181.88593220392534 188.4001471014506 246.7051573599182 185.34870963630826
30 PINHOLE 518 392 174.12140847133048 181.43190348007892 267.7198793349184 202.19167938805367
31 PINHOLE 518 392 184.70094652197827 188.16740691911576 276.5639379686416 196.52703178436346
32 PINHOLE 518 392 177.0120280694792 182.6505708841663 252.15721451121223 188.98252652457248
33 PINHOLE 518 392 174.2624619508932 183.79959567556995 263.1355916531207 204.16947784884252
34 PINHOLE 518 392 182.72998210808387 187.96370540276402 274.32933688718066 198.80717847900527
35 PINHOLE 518 392 185.46364978929736 190.7366616480969 247.43199544389242 191.81044363993848
36 PINHOLE 518 392 173.22249269045534 184.97121807580288 259.80765941623355 204.60398313581533
37 PINHOLE 518 392 181.9248581782245 188.35752939062505 274.0412743807191 200.15777029673194
38 PINHOLE 518 392 188.25629543880146 194.22679688654125 244.00722809314416 192.82591252750365
39 PINHOLE 518 392 187.5298999018332 193.8436969772517 243.59379686745558 192.52061911038783
40 PINHOLE 518 392 175.7656230997139 188.69832329041094 250.24771460943342 196.72698173044213
41 PINHOLE 518 392 199.46702159331022 199.81075103053135 251.05027004607678 199.2623691666904
42 PINHOLE 518 392 189.76960158696795 193.7762427156628 243.34724143686063 189.04711096514828
43 PINHOLE 518 392 171.30356505297758 187.47542852630156 246.9277430144315 196.91360427494988
44 PINHOLE 518 392 202.9158852642444 201.84689493414416 253.52537818505493 196.642363332222
45 PINHOLE 518 392 182.5066605241881 188.64213979628767 241.91809649207883 191.85513535347792
46 PINHOLE 518 392 164.048419930106 182.73718038262749 251.55865911602928 197.0919563173351
47 PINHOLE 518 392 197.8092286699678 198.97697893219743 245.3083237897274 193.70887604624244
48 PINHOLE 518 392 173.4575981051877 183.93824033050598 245.21768839866616 193.87124795576406
49 PINHOLE 518 392 161.47829271409375 181.65159097505918 257.06557874635723 196.9804451798881
50 PINHOLE 518 392 193.00937731682205 193.35786463858784 241.0712666610604 189.3393788052529
51 PINHOLE 518 392 170.52545012003304 183.17841814854992 249.34479087861902 196.35876146926154
52 PINHOLE 518 392 157.12953575563452 175.24232295930602 260.87336909512976 198.33054312335287
53 PINHOLE 518 392 186.7800487751071 189.89547798797003 239.52171834687047 187.33302615042882
54 PINHOLE 518 392 166.25597578707678 183.76923945644745 250.21449021485324 198.74427824685228
55 PINHOLE 518 392 159.56793977750485 178.82209776490706 264.96596778861476 200.1111375845984
56 PINHOLE 518 392 182.74289516945655 188.78728866733977 237.74671167601468 189.03583522096963
57 PINHOLE 518 392 164.79494203287283 186.70360612574655 253.89215839371946 202.3852096556784
58 PINHOLE 518 392 163.03722370258862 182.63262104284294 269.9345130748722 203.69231680393682
59 PINHOLE 518 392 177.55773227019017 187.27039894257283 236.1946959370094 192.93529654419314
60 PINHOLE 518 392 164.1860710783732 186.65222379339417 255.91337916105647 204.31606804226223
61 PINHOLE 518 392 163.5396774454223 180.19376551675296 272.44849454372684 206.13680442668084
62 PINHOLE 518 392 177.21698310914192 185.70058961999857 236.17480204459025 194.41173805471996
63 PINHOLE 518 392 164.96269601423037 188.49747793611155 260.1035357575803 206.93363450897783
64 PINHOLE 518 392 167.40660664585374 186.42763330296094 277.1416044725945 210.21883267994895
65 PINHOLE 518 392 171.96431611666858 184.0939898813347 237.58038586495914 197.07577203768767
66 PINHOLE 518 392 164.24933652037637 190.0050646226351 261.8393544893411 209.24612166226092
67 PINHOLE 518 392 168.4771614601631 186.713490137166 280.14576872325307 211.41477389423892
68 PINHOLE 518 392 169.8611092213325 184.10570093596755 237.2155255599272 200.45655048477437
69 PINHOLE 518 392 170.4191247660682 195.4235257744666 255.536769989954 216.10231824576957
70 PINHOLE 518 392 172.05366897379 189.05853098174885 278.2112035310734 216.9864260721658
71 PINHOLE 518 392 174.81727193362508 185.2558600816713 232.99631054787935 204.87473326961762
72 PINHOLE 518 392 172.52723304393763 199.2470690110599 255.35237695120142 216.73324151935492
73 PINHOLE 518 392 171.2609454184732 185.73640579971342 276.2005612557589 219.11636039199746
74 PINHOLE 518 392 176.8595502089879 184.81109777810332 234.90839434099118 208.0749171436257
75 PINHOLE 518 392 173.95307432554378 202.10908934389082 255.62669895535367 217.81165849328949
76 PINHOLE 518 392 171.2045315276451 184.85614793582582 275.0282200260308 221.13077886871895
77 PINHOLE 518 392 175.72681123743502 183.8038528203611 235.22210002521967 211.72768860462804
78 PINHOLE 518 392 175.62773829058236 183.57856594626472 235.7072258597427 211.67045055207439
79 PINHOLE 518 392 154.66036482082805 163.95728445676414 257.68531985466586 201.41493089637524
80 PINHOLE 518 392 205.23260789598285 189.22897647509743 226.44966875118408 192.32375831401285
81 PINHOLE 518 392 172.05923341063763 178.88115765981152 239.47422993897493 212.98016939029887
82 PINHOLE 518 392 156.99439113822655 164.84776647198277 260.7925350920358 202.99240367194977
83 PINHOLE 518 392 197.8928402106385 183.13694822627147 226.3950584833746 191.3445246584457
84 PINHOLE 518 392 168.23420556224744 176.09507829604854 246.2132316279144 217.20922390385738
85 PINHOLE 518 392 156.8301303346349 162.97773831855986 267.72544026036775 205.09180690719205
86 PINHOLE 518 392 189.19922513766858 178.93260481278776 226.49730843288924 191.84960949550086
87 PINHOLE 518 392 168.2095198512932 177.21255937031026 253.38410087418671 222.0309093585606
88 PINHOLE 518 392 159.50105099652893 160.31493486567425 274.00928806952015 208.31715015952628
89 PINHOLE 518 392 181.78656094606853 170.60904680574163 229.59613917996967 194.0057922496035
90 PINHOLE 518 392 170.76231416536 176.72770003450256 260.2196126140232 226.5988955810894
91 PINHOLE 518 392 163.51785565096574 157.21640083347188 276.81823700107583 209.28793404015894
92 PINHOLE 518 392 177.15097387128463 166.22988019427015 234.2505399802166 197.60026872047766
93 PINHOLE 518 392 176.6240177618686 179.34033419647557 262.9930106471803 231.62067727723203
94 PINHOLE 518 392 172.66414599570854 160.2437066814464 278.8825090909407 210.5254586914802
95 PINHOLE 518 392 171.33644057571618 158.29275424781437 239.57696765904316 203.9377542080652
96 PINHOLE 518 392 177.2501548553466 182.71896945426207 266.35626420071253 234.27172451432693
97 PINHOLE 518 392 182.7107555550826 166.91375036481466 282.47926776813716 211.17361158973802
98 PINHOLE 518 392 169.54996205481382 157.53502734968907 245.44117344116972 212.26925613563898
99 PINHOLE 518 392 182.53353026861214 189.50311899683297 266.72268054540666 232.79092616729776
100 PINHOLE 518 392 197.76893817855597 183.04821541704624 285.8875750574992 210.62213714419767
101 PINHOLE 518 392 168.2526946901268 159.03975366852836 249.5206714960969 219.6909030760592
102 PINHOLE 518 392 174.04901539941667 179.43119651208318 268.2193520879516 230.07718372499815
103 PINHOLE 518 392 205.54217263118716 186.65162132372348 291.76129373164594 199.78865997441432
104 PINHOLE 518 392 164.8060073133789 158.65174478441637 248.7006464581384 213.11876563887455
105 PINHOLE 518 392 163.49297067933404 163.905190860632 260.011283518806 231.36163458684732
106 PINHOLE 518 392 196.81528910431675 176.63694676491681 291.49446468145555 195.7735345136553
107 PINHOLE 518 392 169.6889572982312 156.37135555661962 238.6579081834755 207.74409069357017
108 PINHOLE 518 392 169.72147343903663 163.53679504411662 249.0298714900702 237.95852394986267
109 PINHOLE 518 392 181.34894166643065 162.25912884618634 282.70520104515305 197.61127113012694
110 PINHOLE 518 392 182.25973340105884 156.83165518372542 231.70350133350541 209.1198781618904
111 PINHOLE 518 392 170.97153216818646 176.97507406463146 240.47252567458474 249.65527618960917
112 PINHOLE 518 392 166.94304597854506 153.8286538491097 282.83410421209607 205.77028611949314
113 PINHOLE 518 392 183.6711602586252 157.92879531605 228.54689235976994 227.19456175370829
114 PINHOLE 518 392 171.28536271863356 187.22796819195534 205.32906084314513 264.1334889958496
115 PINHOLE 518 392 142.3611805108795 148.41913564453068 271.8253755019214 203.53622551573233
116 PINHOLE 518 392 194.95310397209693 155.03211050644072 206.57699598412233 249.21215274780715
117 PINHOLE 518 392 194.56326132019453 154.9084066234703 205.77709788078562 248.61086752534524
118 PINHOLE 518 392 153.80424827694287 121.98166622371423 244.33614704707588 182.55281796614776
119 PINHOLE 518 392 212.28455188003952 139.25159983062403 244.09619179223043 222.85967107133877
120 PINHOLE 518 392 212.60530370313137 160.2380638998004 205.08008658905382 255.2430679528787
121 PINHOLE 518 392 160.22320912393857 121.36001643035219 235.16055641592203 190.3183858338229
122 PINHOLE 518 392 224.6171125833815 138.51243632390015 255.35854779612026 227.9676216715289
123 PINHOLE 518 392 230.2218176103326 177.87037799507084 196.78899646417452 262.51540601510567
124 PINHOLE 518 392 157.4519541949595 124.26754354587959 226.77974952000656 200.23666435038928
125 PINHOLE 518 392 230.51081442564532 140.8722435273766 263.9762161513915 242.1913277910391
126 PINHOLE 518 392 244.6535673244572 187.2375831948248 192.80636979473405 268.05162133057934
127 PINHOLE 518 392 157.11709371955203 124.10448957226096 222.4499729784005 205.9944208865588
128 PINHOLE 518 392 239.46933371562233 142.7424890489057 268.5565821355634 246.8031794922934
129 PINHOLE 518 392 243.7274190848054 199.80103852327846 172.32683734897026 267.24911150173574
130 PINHOLE 518 392 146.44081270417544 127.94264758067301 218.09903088098022 207.8662969572339
131 PINHOLE 518 392 250.3660384552789 152.0162513311341 262.1614532026566 260.36413905648686
132 PINHOLE 518 392 217.76267501862955 194.2403768216368 159.96886761757824 257.24573941386177
133 PINHOLE 518 392 134.68212995352255 128.58191752298004 222.8648081749212 198.57736844906242
134 PINHOLE 518 392 247.3152106129349 158.22083013762688 244.84472260789616 263.19639236855625
135 PINHOLE 518 392 208.37604755490332 193.69908309710036 155.74527135351508 249.6731678470632
136 PINHOLE 518 392 131.91398703943435 131.46422523675312 222.39855359070157 193.1727930850585
137 PINHOLE 518 392 247.70289642091208 163.74285134388595 242.36473457663303 265.4826785421731
138 PINHOLE 518 392 227.88241166977596 206.42098676180032 152.32030415870454 252.76301432736523
139 PINHOLE 518 392 138.09960571884355 135.35481954078685 212.3973905071486 197.3332248419984
140 PINHOLE 518 392 253.77176310878338 160.19174023565733 264.3308984247665 274.7279445459033
141 PINHOLE 518 392 191.04219685703734 197.59247608184603 145.23521203894003 239.05950099402364
142 PINHOLE 518 392 122.85834511668298 138.89981927129048 219.94969019124318 185.0224411289127
143 PINHOLE 518 392 241.9013774766744 170.7953276535423 237.97823942628332 274.55392401756103
144 PINHOLE 518 392 144.2992359902411 172.53679424010124 161.60601855448107 221.34542741391434
145 PINHOLE 518 392 114.56334193162412 141.07040090969778 243.58282272810274 164.4731337268821
146 PINHOLE 518 392 200.24775340678767 183.13335863172793 199.1073586199836 248.43010742842998
147 PINHOLE 518 392 119.3381155460125 159.5939231978747 185.7779970643673 210.29400032157625
148 PINHOLE 518 392 113.45579629308148 148.52929267509163 267.43396070825196 149.60506954769158
149 PINHOLE 518 392 167.92909719839471 192.39178700452507 180.6105707164318 218.95384422273278
150 PINHOLE 518 392 106.82014232378972 150.6518802009337 209.7804324056804 202.0642806948213
151 PINHOLE 518 392 116.92496063083534 159.70366359248501 293.71022620379534 140.87598844279526
152 PINHOLE 518 392 139.79349086725463 186.80009381914732 181.92402711218293 197.7303788146845
153 PINHOLE 518 392 102.99006260293835 149.6955682923655 233.62114677925663 200.45228461254555
154 PINHOLE 518 392 122.99143201258578 167.13978065274424 316.9890115191975 138.01325248329218
155 PINHOLE 518 392 121.32443393223231 175.89928283579823 191.24720990343732 183.149372293569
156 PINHOLE 518 392 120.22842275115433 173.9537555151319 192.61590737157468 182.95506632449153
157 PINHOLE 518 392 121.19580474578716 167.73682979709972 270.4879133062097 129.62079542068653
158 PINHOLE 518 392 165.40005126518523 225.5235990404817 190.38282579688521 214.3331488477019
159 PINHOLE 518 392 115.74411199322324 165.60325518660505 202.3891293751615 182.4743300745623
160 PINHOLE 518 392 123.84804757381458 164.6143890881744 279.87374505328347 127.4831243589693
161 PINHOLE 518 392 153.8042474085071 212.26826571555353 192.35716229613365 201.80845861386152
162 PINHOLE 518 392 108.07190522455757 156.0152035224777 222.00645206799567 180.83897581430642
163 PINHOLE 518 392 128.20459671833174 171.6509156881466 298.4020444619007 123.23419651446993
164 PINHOLE 518 392 140.309887755114 208.31589317281572 194.3835883395727 180.16534423076487
165 PINHOLE 518 392 104.46288659311315 146.76689830172998 265.05660694795023 174.69231996908195
166 PINHOLE 518 392 164.64360066861153 204.4066556455888 339.8510579886397 109.49946382892568
167 PINHOLE 518 392 114.82619305621299 187.02984996732465 226.11084441326634 160.91469971825518
168 PINHOLE 518 392 135.28557116891213 151.2734558369372 324.28983383986673 156.86307852713819
169 PINHOLE 518 392 281.47400911149697 268.47432288099753 344.7857443583406 110.0913941135575
170 PINHOLE 518 392 109.83286380085238 170.572934597846 290.6386131893843 152.39794144145026
171 PINHOLE 518 392 180.50859423061087 159.00895753689196 337.9642128301407 144.45448245210122
172 PINHOLE 518 392 320.4997173218279 278.4545156207935 253.59947290242926 138.18113725387903
173 PINHOLE 518 392 123.5604643036227 171.33726352752933 328.13504828588293 157.72909072843322
174 PINHOLE 518 392 226.04468871677108 168.04699713482302 320.54391178448475 126.2526441737914
175 PINHOLE 518 392 277.72438427429773 264.67729515756326 174.64344903178645 166.50722513869422
176 PINHOLE 518 392 156.15822026366527 192.23739187796966 357.47707451397076 155.0725804631529
177 PINHOLE 518 392 268.94230845655494 203.93512894781725 291.3211759794892 115.25974622910722
178 PINHOLE 518 392 227.92274985902563 246.01478479711656 146.16476236623322 211.92502509312757
179 PINHOLE 518 392 195.3649787632444 216.01989472359844 373.4396877473148 171.48469463897283
180 PINHOLE 518 392 280.6291482327752 224.12483043072805 267.21698206327795 124.56372847010341
181 PINHOLE 518 392 204.97049049372785 231.18702868815902 151.20638464434086 228.24987038427932
182 PINHOLE 518 392 224.16493664307427 232.21573185337795 372.3283070996229 187.34990074454376
183 PINHOLE 518 392 281.0510190467828 229.18386005462236 268.8234571080262 131.37235914688196
184 PINHOLE 518 392 212.37709771129752 227.85968890691632 154.8598916902546 228.29690516429577
185 PINHOLE 518 392 224.79680245469368 232.68387991782163 375.83895909445164 190.07200727985986
186 PINHOLE 518 392 274.2101684142272 215.79647426220475 285.8157093975035 130.6868548837254
187 PINHOLE 518 392 230.9062145246007 237.81475025955058 152.58747854266943 218.31959301102492
188 PINHOLE 518 392 206.86409670286778 220.77112806989405 377.0024387029715 185.85983260805065
189 PINHOLE 518 392 241.77175473820466 185.70150134655353 306.19076042912985 138.94549654120178
190 PINHOLE 518 392 279.268972939077 262.8072292831598 169.88532760158017 183.6320195980277
191 PINHOLE 518 392 173.9493465961798 198.2840376977392 357.8521786402093 176.16814582659637
192 PINHOLE 518 392 197.22833988746416 159.614202856764 305.58508835193356 165.79998324763082
193 PINHOLE 518 392 286.31139765092007 232.13297610067153 239.94683086185643 135.2106176421864
194 PINHOLE 518 392 143.3478474558296 168.48734657250367 322.8969295124049 175.627679467895
195 PINHOLE 518 392 144.54419510759342 168.76584550157048 324.34659484434565 176.0008521844127
196 PINHOLE 518 392 267.48088943835586 259.638518163765 343.0237910174815 163.35103697315085
197 PINHOLE 518 392 117.16446451010849 169.07654422943807 283.0829777746803 172.4537705608563
198 PINHOLE 518 392 153.35364605214485 176.56799495909564 322.12812212239885 183.69098587083712
199 PINHOLE 518 392 260.0464159757599 249.87077174118582 328.4455866178287 184.06523796779524
200 PINHOLE 518 392 125.20690972969776 171.30252080387697 283.0978571322754 181.08034264300426
201 PINHOLE 518 392 154.31917244370064 174.8633092863945 319.62682082699837 178.88114906511683
202 PINHOLE 518 392 261.0513379343537 254.28709964389097 323.0011789853078 179.39885210407158
203 PINHOLE 518 392 127.70479683221892 175.36028812154106 282.5420252420192 177.4068110927436
204 PINHOLE 518 392 170.68111597401622 181.17598477388245 321.9709561405048 182.8843625117478
205 PINHOLE 518 392 274.38763709440946 247.7618484041074 307.51008389277433 183.20315519809904
206 PINHOLE 518 392 131.95375579704697 170.8298811149841 290.6043562446873 185.69246669923027
207 PINHOLE 518 392 167.68041532517805 173.28222928017016 315.0012586565342 195.75409858171506
208 PINHOLE 518 392 257.32336898944334 223.60014514959587 312.3655907721262 174.64567874849487
209 PINHOLE 518 392 131.6721199309795 161.5392888223641 285.12253679838926 189.9804582713242
210 PINHOLE 518 392 167.07361946040461 169.8134904433469 313.5199945658825 193.99730374097265
211 PINHOLE 518 392 256.2355568598428 215.48995802356794 311.27424935208074 168.6534257232577
212 PINHOLE 518 392 133.91254046898098 162.05731991082283 285.2131839802423 185.93057700025847
213 PINHOLE 518 392 164.76256729437654 166.38314635723418 311.41951883957 200.64825355034606
214 PINHOLE 518 392 253.03642980860278 211.14292152948 316.67688500207237 165.24708168520405
215 PINHOLE 518 392 130.36478002066988 157.39506948896013 281.45162884577474 188.90497172876596
216 PINHOLE 518 392 158.72062252999075 160.68666751683315 305.97433796879596 204.09130617693367
217 PINHOLE 518 392 242.2290463306997 202.59321513417638 319.91127165056156 161.02388415048677
218 PINHOLE 518 392 131.8781703930458 157.13960165272562 274.71225785156605 188.53238950433206
219 PINHOLE 518 392 158.25716542849037 152.9804410721288 304.17170473456446 205.4732815705146
220 PINHOLE 518 392 248.20215738982898 197.8174489291375 318.4101780149197 150.53426231972594
221 PINHOLE 518 392 136.30678985328754 154.95136967200727 276.46724956737245 188.3752622873324
222 PINHOLE 518 392 158.9681961678488 154.16948352600346 306.8455136206476 201.9992943125193
223 PINHOLE 518 392 251.52644913895872 198.46187647680887 317.3105443654202 148.40970785165342
224 PINHOLE 518 392 137.42256436954847 160.99619622425215 279.4688259785767 188.87776092672613
225 PINHOLE 518 392 153.64758982392308 152.92187689068246 297.37447851739694 210.57065126516503
226 PINHOLE 518 392 237.60163512672943 190.27574670839834 323.1204710860672 147.98249652791816
227 PINHOLE 518 392 139.1081957749773 161.10637711802303 271.6325559286223 194.35725661651801
228 PINHOLE 518 392 151.49936614667067 150.68607147828067 290.8299360143485 213.9901042168999
229 PINHOLE 518 392 231.85008309154338 183.60025571710773 321.81938615081276 146.39157458245168
230 PINHOLE 518 392 138.92742068993113 155.60677649139376 269.2075858118683 197.61153822513643
231 PINHOLE 518 392 153.27165276965707 155.24356349732554 288.5743820529114 213.5858726194205
232 PINHOLE 518 392 231.94223398152175 186.1151480105443 319.59062392578227 145.13566317710684
233 PINHOLE 518 392 135.77599499200488 155.26398718073807 271.6943324838197 202.16946341717363
234 PINHOLE 518 392 136.35392845314382 156.05205528122914 272.0391684323071 201.80968852226397
235 PINHOLE 518 392 185.21397475157818 185.15469585875172 319.38279330982425 152.40150455673168
236 PINHOLE 518 392 139.6098894005551 168.88174408803462 242.16844085207381 190.80449321647563
237 PINHOLE 518 392 133.6965176503922 166.11530908562122 261.4782401221215 213.66097437331146
238 PINHOLE 518 392 166.67384245113556 179.30383206471714 317.00251528294046 171.3193955915009
239 PINHOLE 518 392 138.87095624277853 166.0965232013978 230.6788297552708 205.07561456513787
240 PINHOLE 518 392 138.1348874842964 176.25662977527068 241.14595738775566 221.99509375564733
241 PINHOLE 518 392 146.6129260053832 170.17660878016773 300.15261557877193 185.26452662961265
242 PINHOLE 518 392 151.2870515380926 173.82406263874813 216.62623263351904 218.94979146790277
243 PINHOLE 518 392 129.98329328910182 176.82342615669728 246.9040271790331 217.86538559033534
244 PINHOLE 518 392 147.91782460331117 176.4366864071967 308.54955398822887 181.08917519278415
245 PINHOLE 518 392 142.02075183230824 175.43027481049933 216.82782670947017 215.1976750152323
246 PINHOLE 518 392 129.1103158659293 177.46489949033113 257.9389447851386 211.1574214426683
247 PINHOLE 518 392 154.5548126815057 186.7291744339211 316.2059735896331 180.6035677307321
248 PINHOLE 518 392 138.60692514846104 177.6275089971006 222.66390763173814 208.45324746297936
249 PINHOLE 518 392 130.85227365145334 178.47094610587067 270.88158969783694 205.35456536060065
250 PINHOLE 518 392 168.39227039359685 199.93658621567937 322.9029275048802 183.29050071273528
251 PINHOLE 518 392 132.92854587430068 175.83808544732506 232.49818004994862 203.36803930616304
252 PINHOLE 518 392 134.737517571771 179.26477850962388 276.2061393627437 202.8901645315357
253 PINHOLE 518 392 179.19711352908783 207.41022301988528 323.4586227678246 185.8885227725759
254 PINHOLE 518 392 133.347010653214 175.70327911858377 239.91402180025563 202.47961998723775
255 PINHOLE 518 392 143.31346009430436 184.28521496982816 285.2473625394946 198.79882980977044
256 PINHOLE 518 392 196.0075679176714 215.33536553181514 323.05126986393196 188.0265577577012
257 PINHOLE 518 392 132.5795934581718 174.71737882594306 250.64381808887455 201.3701865016609
258 PINHOLE 518 392 162.25925368268096 194.1270385677866 299.9385201742108 190.03426239712365
259 PINHOLE 518 392 222.91996548355158 231.12147355363223 311.5828202976944 194.7039932860744
260 PINHOLE 518 392 135.56509473562468 176.25438878808018 269.5946374782931 201.20258876623816
261 PINHOLE 518 392 192.93076639131408 211.48640432800173 307.4605250041752 179.61163328606364
262 PINHOLE 518 392 242.95889772195454 239.51665503689912 285.05918385018396 200.86652498909447
263 PINHOLE 518 392 143.65638951498568 181.5975388354099 285.99860594161976 203.57085255228236
264 PINHOLE 518 392 215.12931300243292 216.2980510070827 294.2739809533443 167.98651678544465
265 PINHOLE 518 392 245.8766847545067 241.79851727220563 241.34765568510275 205.7928877942206
266 PINHOLE 518 392 165.37121860750918 195.27259827461108 302.5827948321109 209.2802459215035
267 PINHOLE 518 392 228.97563940524597 222.78635203210692 262.9787586907187 164.1293884201379
268 PINHOLE 518 392 219.5291855952776 228.28104154054503 215.56258919905142 206.55782127743146
269 PINHOLE 518 392 191.48872157489444 207.8609059613043 302.98966117474737 218.58056100134112
270 PINHOLE 518 392 221.14918053898404 219.39500739197834 231.73758694739848 166.9520709779595
271 PINHOLE 518 392 192.51359916953078 220.415059937217 212.39785477367698 197.725204084511
272 PINHOLE 518 392 220.4494189181703 223.1145387647768 288.7964289057244 218.0758236137233
273 PINHOLE 518 392 222.32062703761113 224.35357001354518 287.3819433117277 216.41943443261837
274 PINHOLE 518 392 215.51156413576413 196.48088201331356 254.06252753303727 231.6946659129783
275 PINHOLE 518 392 168.5007758114902 171.43337529200508 283.85797215039963 223.65874452014884
276 PINHOLE 518 392 229.82483766489017 230.6572859995814 258.7077304988296 208.8290859737444
277 PINHOLE 518 392 201.03923793430272 195.52780369183293 237.08254238982224 220.4853856648603
278 PINHOLE 518 392 190.74554236098072 187.42944808085926 285.45542594268784 235.23215573898977
279 PINHOLE 518 392 205.10103431859238 215.49122713356712 216.20163257556644 183.5650233812328
280 PINHOLE 518 392 164.4443172029006 194.12071748851295 234.144641415134 193.54093045400515
281 PINHOLE 518 392 216.97214992500938 218.1899937255564 256.322217489777 227.33741069630196
282 PINHOLE 518 392 177.60364912733675 198.37923916734798 217.1432139655998 178.19734225092347
283 PINHOLE 518 392 150.9276344821188 189.4193628393176 245.21064433672086 182.88808662761411
284 PINHOLE 518 392 213.69989501340214 226.09064670956974 234.23160610677544 206.0471807965839
285 PINHOLE 518 392 160.32030291853505 185.3682758051799 225.58683565789016 178.6515348125921
286 PINHOLE 518 392 146.77854219647077 186.73234355115213 255.42853157425077 180.05297068584457
287 PINHOLE 518 392 200.70239492375237 220.37971656562067 224.38894419799004 189.8650005836694
288 PINHOLE 518 392 153.1182492692347 177.933352367342 236.22749575626307 178.80537512284474
289 PINHOLE 518 392 147.90771973810303 188.12714035579572 264.2220025690653 179.47297724464366
290 PINHOLE 518 392 190.53712787903032 216.14741175874704 222.45803838028604 178.16456013628098
291 PINHOLE 518 392 148.2765852448307 174.4984058407414 249.76900637442492 181.59949417457622
292 PINHOLE 518 392 150.00455271900535 186.66643238563358 272.7863796563834 181.93849372928122
293 PINHOLE 518 392 178.36992386857114 202.15505701176482 225.39552696953913 169.44394572924415
294 PINHOLE 518 392 147.28674425096216 170.32001671918584 257.81512553561225 185.12150542741725
295 PINHOLE 518 392 153.66779341707684 184.6119306979229 277.96155170685864 185.43553945328077
296 PINHOLE 518 392 172.86559719906467 194.54598435623498 229.27762726862716 166.71605718744115
297 PINHOLE 518 392 153.1016127271458 176.10839533749825 245.85011017938376 182.0710013939566
298 PINHOLE 518 392 151.04902747126408 189.47469345641005 270.2863792221908 181.93978909255856
299 PINHOLE 518 392 182.0265645881649 203.55296740583427 225.63389917998 173.0650666799915
300 PINHOLE 518 392 159.83452762150867 180.51445510864306 235.50635063974042 179.45258104186212
301 PINHOLE 518 392 150.919001596023 187.02664591400506 261.612707931763 181.222709131537
302 PINHOLE 518 392 193.82287670377684 212.7316297383057 226.05115586413518 181.01638817026654
303 PINHOLE 518 392 166.25322736901649 185.33231078568517 229.71738661835207 181.8907282725885
304 PINHOLE 518 392 148.7424591346669 184.42444740081086 255.60471141427183 183.2075479394507
305 PINHOLE 518 392 200.51576210581936 216.92232678829893 229.4959217087882 192.253582713596
306 PINHOLE 518 392 163.40123138194494 183.88168039315946 230.9325580418577 182.46515363942757
307 PINHOLE 518 392 152.28764484589618 184.97165206466454 254.83391220145128 183.42353664698697
308 PINHOLE 518 392 202.31738890518722 215.719550454637 230.02749620861212 189.8556116014281
309 PINHOLE 518 392 166.25789053201433 181.65436437844292 233.76502850755918 182.5933403648748
310 PINHOLE 518 392 153.26241430514057 185.73126867731457 255.2766326497411 184.27909210960118
311 PINHOLE 518 392 204.41347800411552 215.1721810976302 230.81698812632422 185.41932911695815
312 PINHOLE 518 392 203.08952875027555 214.0117617618849 229.98522157272097 184.3010454435381
313 PINHOLE 518 392 170.22742261013568 191.06641951898314 236.2294112135147 197.871086986821
314 PINHOLE 518 392 210.28344252026838 211.65725890482412 264.23858633781646 221.82936978663247
315 PINHOLE 518 392 206.55939679139632 211.76553991844162 233.11791260925247 177.25946301572924
316 PINHOLE 518 392 175.56376539001934 196.9358322419902 232.6735864260763 196.40755365447336
317 PINHOLE 518 392 213.1187559396625 220.04054820234487 269.00566983701776 215.35470796635744
318 PINHOLE 518 392 204.59948964034513 209.66505074368905 236.35003245034093 173.18092976849576
319 PINHOLE 518 392 176.34924113752356 197.40213033261628 231.38818554513918 194.51994055167165
320 PINHOLE 518 392 213.30477749313073 218.58238245084016 272.1050630638016 209.8042444462293
321 PINHOLE 518 392 202.501348608849 200.52186635585002 240.11482216153414 172.23600966988323
322 PINHOLE 518 392 179.61363290028993 197.97737592484714 232.05685422513784 190.70372590733214
323 PINHOLE 518 392 209.45634912373126 213.9733535291222 272.77209977259736 203.69352548034513
324 PINHOLE 518 392 194.33058810514618 193.2944911369072 242.88377611723402 176.427177782543
325 PINHOLE 518 392 178.2113207484942 194.8809692657972 239.37491375958712 189.75116188055998
326 PINHOLE 518 392 204.45372112789823 208.1507800393238 266.59366761217774 199.02735822493804
327 PINHOLE 518 392 186.25584895832668 192.28429814549932 242.58724392274942 179.8778261033835
328 PINHOLE 518 392 173.92870559886464 194.58538753916105 247.0765499044133 188.82358212956132
329 PINHOLE 518 392 199.94275204484165 207.33772387013337 255.63458722502992 193.83987499490917
330 PINHOLE 518 392 177.85571732759757 187.56659031513493 249.51540268679122 184.28895673315677
331 PINHOLE 518 392 168.46320266928709 191.34604254087213 258.04863438446074 189.1734661765274
332 PINHOLE 518 392 187.93135097865698 200.08011454500706 248.7129591600172 188.54898426665756
333 PINHOLE 518 392 174.6831248370083 185.01061002927932 254.56527124913256 186.0453350200023
334 PINHOLE 518 392 172.88609497671274 192.69944530994738 261.24349412428705 191.4373435565885
335 PINHOLE 518 392 183.38656490015512 196.98606539520557 250.69074162418607 187.86777750646803
336 PINHOLE 518 392 176.31033587304825 185.21787902928142 256.9056884505274 186.59450431207742
337 PINHOLE 518 392 175.17148648747218 188.66174798662055 260.84408900303833 192.44450032874798
338 PINHOLE 518 392 182.31866181598195 195.6989163662444 253.23736189498516 187.74861859501254
339 PINHOLE 518 392 178.7174433838627 185.54669143036895 258.4013661202099 186.79552160026878
340 PINHOLE 518 392 175.98336180780828 188.7726351609663 259.873389079398 192.41248460358221
341 PINHOLE 518 392 183.21436233856954 192.050429887921 255.1148429352153 187.50569447743842
342 PINHOLE 518 392 180.43423811667415 187.29099590636818 260.78940973232494 187.8106720883941
343 PINHOLE 518 392 178.8460383145555 190.5285108076932 257.3145780873097 195.474285396048
344 PINHOLE 518 392 187.33209647707662 194.80043807812012 257.4730055513666 187.55809481802476
345 PINHOLE 518 392 182.72081202906915 188.9422338194632 259.26620974025076 187.76540042606445
346 PINHOLE 518 392 177.91711162663702 190.63642249379365 255.79342215983263 195.90073529589498
347 PINHOLE 518 392 188.7656492051009 194.5825994079415 258.2935592239726 189.456943480103
348 PINHOLE 518 392 185.0988717959252 190.8195828376986 257.7650580754261 188.38241014336688
349 PINHOLE 518 392 180.00806634187646 191.45210113227873 255.21715870658875 196.69448547581325
350 PINHOLE 518 392 190.86680755570572 197.71612075473604 256.45791538241394 189.32276651841727
351 PINHOLE 518 392 191.46629676623635 198.00895965567273 256.53781676173634 189.44567197953864
352 PINHOLE 518 392 182.65597489721634 192.9672602312361 257.81251973396036 196.3981788526648
353 PINHOLE 518 392 191.58458890867246 196.21067233690923 256.67493804593425 193.2076451596152
354 PINHOLE 518 392 192.7994911790521 195.66639513977714 257.50352644751524 190.8847558504805
355 PINHOLE 518 392 180.8369914451926 191.716661837531 257.086183095554 197.62664522088477
356 PINHOLE 518 392 193.73109260075856 196.99231168509678 257.1438365429958 193.4568735247745
357 PINHOLE 518 392 194.85449585414463 198.51543531894353 256.9316704580605 191.8876919368855
358 PINHOLE 518 392 180.3639225577372 188.59067685539438 256.3083573014667 198.5518409866987
359 PINHOLE 518 392 193.2370092086932 195.01475674514867 256.26996765324503 193.4116913705062
360 PINHOLE 518 392 194.39518028922458 195.4789069560656 256.55945821801606 193.43029849519422
361 PINHOLE 518 392 178.65087888478837 186.00452182649025 256.1848173234013 199.391915537084
362 PINHOLE 518 392 196.4224992900144 196.58031465694918 255.4875475477377 193.54010033006463
363 PINHOLE 518 392 189.88998138136137 195.25552356546586 255.4584030467685 195.86430056031628
364 PINHOLE 518 392 177.60639581623724 184.95392794055812 255.9790090756455 201.46878948148202
365 PINHOLE 518 392 194.3420447842704 194.83802708846966 253.04754046445555 194.2457313562446
366 PINHOLE 518 392 188.24913083435905 193.98114266211118 255.10498167451897 198.49022875736748
367 PINHOLE 518 392 175.40049186552505 182.29969524204884 258.13575469782984 202.47535560431072
368 PINHOLE 518 392 193.04832514767497 190.27585047676732 251.1314638391886 194.74509873371113
369 PINHOLE 518 392 186.80069134064644 191.23698712280702 256.2946827836263 201.84087605825758
370 PINHOLE 518 392 176.5062242772107 181.73742966684827 260.9880582856455 202.4796818895097
371 PINHOLE 518 392 190.1957433862126 188.23824620495202 248.68758078183825 195.75581131963395
372 PINHOLE 518 392 184.52024557767763 193.33252547135322 256.5808152672624 204.10609685605846
373 PINHOLE 518 392 174.5032053480483 181.17032186047686 262.66534138061394 203.30236673813917
374 PINHOLE 518 392 188.82066068472582 186.59356817776708 247.18493688388375 196.16347186106262
375 PINHOLE 518 392 185.15681866346083 191.1924089195584 254.54873838020367 202.54372453359161
376 PINHOLE 518 392 175.54608150725397 183.13104906929965 260.55560940440546 204.0681828207203
377 PINHOLE 518 392 192.4353146372972 190.37142480401596 247.19499935986622 196.23702787619334
378 PINHOLE 518 392 183.2515711063617 189.75068820658865 254.76259646341978 203.2832684082386
379 PINHOLE 518 392 173.91632555176867 179.14140566156766 259.27683981628496 204.51322097940604
380 PINHOLE 518 392 193.35348494926288 190.9381067611797 247.12518944956804 194.99609619030207
381 PINHOLE 518 392 185.39628426523336 190.69809885664944 252.19772970157322 202.4603830386928
382 PINHOLE 518 392 173.63697903052707 179.04175107522425 257.19371347963545 204.82244099047765
383 PINHOLE 518 392 203.8562360356648 195.4392971288777 246.94376322790572 194.52823047595024
384 PINHOLE 518 392 186.75993608526088 189.3638882618988 251.32968480849618 201.60551649508525
385 PINHOLE 518 392 173.14741889099318 179.4995047593555 255.06873388949037 205.30935192252178
386 PINHOLE 518 392 203.71753297903194 197.14978266357588 247.96435145962667 192.53427617882
387 PINHOLE 518 392 184.66378053799787 185.18111095604917 254.40827433373138 209.67210666154998
388 PINHOLE 518 392 174.17345414115948 177.36163373021802 261.0459716993093 204.2325815102435
389 PINHOLE 518 392 191.49100386767728 182.4531323216223 245.44855264912331 195.0558373438463
390 PINHOLE 518 392 191.22814701203725 181.92786344007618 245.25488354535005 195.2964997848657
391 PINHOLE 518 392 174.91892765049545 175.016915205223 244.5561449536402 191.3196981879441
392 PINHOLE 518 392 203.92354859453428 186.88976757891203 256.0307688227258 187.00947867782068
393 PINHOLE 518 392 181.55575645719676 172.48824986218435 245.0605118770175 198.41061876312656
394 PINHOLE 518 392 171.1288602738275 171.86856548422458 251.53670661567494 189.5142779220971
395 PINHOLE 518 392 193.41151419068956 180.0273421462802 248.76741725431074 185.34561134273045
396 PINHOLE 518 392 175.15053504880504 168.56498524346878 248.6516209278927 201.9929028972831
397 PINHOLE 518 392 168.3424246696049 166.75071581211958 258.78778824151675 188.66040372692532
398 PINHOLE 518 392 193.6950873535617 177.75453788053966 245.2639340367908 182.25271459180925
399 PINHOLE 518 392 172.4985470073953 165.57349712347366 257.46961966711046 208.37797108302922
400 PINHOLE 518 392 175.49933894384557 168.045455293356 266.4898509625153 190.33221823012443
401 PINHOLE 518 392 181.2242388283252 169.48648149977933 246.54849542579743 184.3637043068174
402 PINHOLE 518 392 179.53967285968375 172.53444041334677 263.3599212749911 216.10817799581926
403 PINHOLE 518 392 190.56138999942962 171.67253888377053 272.70677262605943 193.43415940879242
404 PINHOLE 518 392 174.51510201796302 159.93369947680625 254.06298435979178 193.57994561500456
405 PINHOLE 518 392 185.92021155229787 178.64498304498954 261.8019368134133 218.40401600546335
406 PINHOLE 518 392 192.5095046746409 170.2824202112511 270.43580252073235 194.2625551351651
407 PINHOLE 518 392 174.4022211893401 160.31453238228954 261.0862100703346 205.1630902196288
408 PINHOLE 518 392 188.70841036918833 183.00321140268437 258.3375820549541 215.80175268206028
409 PINHOLE 518 392 187.52964114888 172.67250380755914 269.5881178576714 191.1673548516023
410 PINHOLE 518 392 176.81629781683858 164.92477927567373 261.3889375858203 210.52732169105033
411 PINHOLE 518 392 188.57496558534947 184.19446112028893 250.78443119752035 212.68612524821384
412 PINHOLE 518 392 187.19216293298987 177.22128972294624 265.6009636358029 188.8197564583985
413 PINHOLE 518 392 182.762187788729 170.5317865020758 259.684778959503 211.6367115045689
414 PINHOLE 518 392 180.86089880004693 185.52852652724133 249.74405930556873 207.24905126144796
415 PINHOLE 518 392 186.16961726314827 180.6801241011515 267.60830318298093 182.946217742669
416 PINHOLE 518 392 180.89422060668178 176.07003538937934 251.32591859000678 209.55905873272127
417 PINHOLE 518 392 183.80827181936962 191.88309011490432 252.54153622216592 202.91524991349877
418 PINHOLE 518 392 181.48288326950336 182.66844377176824 274.4666090920134 177.86744062916554
419 PINHOLE 518 392 174.5190138567414 175.30171008324095 248.8531727222541 204.88499659916948
420 PINHOLE 518 392 185.01626415711758 189.15815453962907 256.7034631830452 202.34639467644888
421 PINHOLE 518 392 186.89000807329356 183.6200376594676 280.54786786231415 176.0791421476907
422 PINHOLE 518 392 169.18785836547147 173.2088377887229 249.24858561375947 200.5541515526921
423 PINHOLE 518 392 186.22521822816614 192.17759654911006 261.86067839127253 202.8584261559045
424 PINHOLE 518 392 201.3712635262246 189.5387650963044 285.87755720456045 171.8881445454384
425 PINHOLE 518 392 165.82950053798726 177.29862630875596 251.95654094960878 199.35697010013251
426 PINHOLE 518 392 185.70939614902872 184.235275582998 268.71595064136613 200.55782349873778
427 PINHOLE 518 392 208.36139783950475 186.21245070696548 285.84905304704057 170.0862023381843
428 PINHOLE 518 392 167.44978665027855 179.51780282272935 261.00641324809834 197.6818620009547
429 PINHOLE 518 392 167.57699712501613 179.59115618592082 261.07053754974254 197.69290563157983
430 PINHOLE 518 392 180.17364100249108 180.66095525318403 280.6521146615679 176.68312997390717
431 PINHOLE 518 392 160.32898350905833 176.55560543876837 252.45445079969625 199.84823243562366
432 PINHOLE 518 392 168.08245304036066 177.07370014184824 267.9540790771368 193.18475339205014
433 PINHOLE 518 392 188.42005095822088 187.8952108353741 282.86015563819643 175.63824771831088
434 PINHOLE 518 392 159.10196034829633 179.70039786689244 258.4198367550888 195.4865700469309
435 PINHOLE 518 392 170.02436354403972 182.20992803055006 268.101777044186 194.68492114127596
436 PINHOLE 518 392 185.68125573970383 188.3342806945729 290.0777204228156 173.02030929958087
437 PINHOLE 518 392 154.33396692318343 174.70785645532266 252.08732504704653 191.504879970704
438 PINHOLE 518 392 171.80089412794698 182.3200002612357 266.98509556915417 197.08618860034707
439 PINHOLE 518 392 180.38481592206367 182.34166085940268 290.83114271091813 171.49092329257454
440 PINHOLE 518 392 152.6679636949781 171.53368101948357 250.1753098102246 190.2101181214593
441 PINHOLE 518 392 170.29056646102345 181.35506650979312 266.37180608008754 199.95713362287856
442 PINHOLE 518 392 179.116763396553 178.48818225886808 293.5572274683343 170.88542498777275
443 PINHOLE 518 392 152.04678217285652 169.85289828445084 247.97188659956868 190.67735243350495
444 PINHOLE 518 392 174.41724323341248 186.93366590603995 268.14550483955543 200.74766393868344
445 PINHOLE 518 392 180.1664932479924 179.6672482180463 293.94690286255496 167.30014538881406
446 PINHOLE 518 392 152.60204118182327 169.0973618779303 247.3532399840901 188.75106665469139
447 PINHOLE 518 392 168.90222321886964 178.5264175645635 265.89914334391966 201.57333500535154
448 PINHOLE 518 392 176.89090739400385 176.50120707301141 295.26391793584986 166.3451818946619
449 PINHOLE 518 392 149.83152085557086 168.78516603191844 244.79719963425836 187.77456695104692
450 PINHOLE 518 392 155.24177305205603 169.21509367232147 262.44363065300433 202.4880936601587
451 PINHOLE 518 392 171.20022993606747 175.11920691460102 295.66184859378166 165.32555334256188
452 PINHOLE 518 392 149.31222902144322 167.78037038734703 239.8342992403225 187.58628317867667
453 PINHOLE 518 392 145.1511037914779 159.4425109618885 256.7724180490971 204.19459070231895
454 PINHOLE 518 392 167.3685559247703 172.44580857694453 295.8900884165607 164.39909256277394
455 PINHOLE 518 392 150.16999775950285 165.31440786014417 234.56877007890887 188.19957379619896
456 PINHOLE 518 392 142.36539144792056 155.73713994803725 251.39683597126535 204.50196511487445
457 PINHOLE 518 392 159.2488614195205 167.95461970360566 292.37216558408653 163.51376218906714
458 PINHOLE 518 392 151.92606832628462 166.34684581909258 228.82278234169453 187.64292762797845
459 PINHOLE 518 392 139.87427825778937 154.4109895250032 245.79668488269365 208.76885825433723
460 PINHOLE 518 392 155.39663950929494 161.12354674360827 288.08564760662654 165.7453908238084
461 PINHOLE 518 392 154.85753570429355 163.45400867532567 223.90049623590662 190.65936973094253
462 PINHOLE 518 392 145.30243519434967 156.96866337944505 241.59008703837313 216.5932928357189
463 PINHOLE 518 392 152.4699355963363 156.57674878700618 286.63567970358 172.642146532301
464 PINHOLE 518 392 157.57436850204044 162.2107163465428 219.8152459178618 196.29313686196696
465 PINHOLE 518 392 145.0617168959196 159.0924306882439 241.88997304305903 223.0770621443519
466 PINHOLE 518 392 152.04706231644425 155.7402374326807 290.78254948574545 177.71731675235586
467 PINHOLE 518 392 161.6320394424734 162.08567755913035 216.0886843114019 200.663651463073
468 PINHOLE 518 392 160.50336802245553 161.1333796573233 216.2203218364975 200.89702412412865
469 PINHOLE 518 392 153.84752665083167 155.63851780534569 254.9992409938854 160.945754236843
470 PINHOLE 518 392 189.90307022995026 177.90312523591385 232.87730027243592 202.9138472185477
471 PINHOLE 518 392 158.47499647769627 157.01908844728234 215.36035444621038 205.58268603417105
472 PINHOLE 518 392 148.28529730709752 150.95638251084085 259.69995504374975 162.87383695400953
473 PINHOLE 518 392 188.2959872152776 175.52338927634742 225.22280384845405 200.28626446614047
474 PINHOLE 518 392 150.98651726961577 156.49498110187548 211.08599476835911 203.11130460519874
475 PINHOLE 518 392 142.61682686558152 152.46776906257986 260.6569901403104 160.92270594951927
476 PINHOLE 518 392 188.8662219325268 180.3817778744525 214.50359581485134 199.58193276272067
477 PINHOLE 518 392 149.3263050300682 153.86481237538615 205.8407444147355 205.93438918506507
478 PINHOLE 518 392 136.90024066939316 148.68255810251276 258.1707911685882 162.97556164606823
479 PINHOLE 518 392 192.19743969634234 179.87465899300915 209.19267964974821 200.84442348775474
480 PINHOLE 518 392 150.56413138009341 156.46973683480246 201.3765168448405 208.40154062230786
481 PINHOLE 518 392 134.0817588574659 145.2722940225611 256.0659330599825 164.5014547840478
482 PINHOLE 518 392 200.36525766841802 180.96582817388668 205.14937867156095 203.87435469383408
483 PINHOLE 518 392 160.19608716281897 158.7003481012573 193.91604874753813 214.9900847806677
484 PINHOLE 518 392 132.79170760082715 138.71356133051884 248.87688841364218 170.939410544625
485 PINHOLE 518 392 209.54428506359966 177.38289935413948 207.52503616675543 210.2597357795382
486 PINHOLE 518 392 168.2661888387762 162.97732765912602 186.74326090345357 219.61505211521742
487 PINHOLE 518 392 129.99043413868753 136.1633926056516 241.6687606951266 175.25191110401934
488 PINHOLE 518 392 221.47715541802216 180.2818089182899 208.07795790077054 215.80867295098204
489 PINHOLE 518 392 160.18317514501575 158.33671394244925 186.78183015159124 219.6926702517148
490 PINHOLE 518 392 126.09148366193239 134.97748458081867 243.77280561147552 174.20035448669478
491 PINHOLE 518 392 219.33290270231132 179.84670350944128 200.20769380926745 212.97954527692525
492 PINHOLE 518 392 162.94296789284442 161.00577548175613 173.67126765796885 215.6968534654751
493 PINHOLE 518 392 120.23054489269533 131.228769690833 236.4027509202588 168.3322825242454
494 PINHOLE 518 392 225.36357658234263 185.47748112006596 196.02641175229988 214.87611714737596
495 PINHOLE 518 392 159.50378731377083 161.63944577039751 165.7108329954347 222.80963348936814
496 PINHOLE 518 392 112.18680735150767 124.1521649139098 237.39972954146273 172.45452098524964
497 PINHOLE 518 392 231.31157760672298 185.89141482130228 179.4530786485279 217.520015864355
498 PINHOLE 518 392 123.73933370614817 142.58952634884847 188.79015357235707 217.9427080651605
499 PINHOLE 518 392 104.39968756802331 126.67016344197683 262.81009638610993 161.7940813978525
500 PINHOLE 518 392 179.16318825727117 178.14255944509668 159.36856247237722 192.13649158664003
501 PINHOLE 518 392 107.14960831969081 132.99312325693805 209.00417577233634 212.64898005452696
502 PINHOLE 518 392 103.84135579111404 130.49034297644903 282.1447178363472 153.89038229230835
503 PINHOLE 518 392 154.47984213795098 169.74299672509966 162.1830391987476 177.61046715193743
504 PINHOLE 518 392 100.28069196094927 129.01431935075937 219.04490808860507 208.26702787127422
505 PINHOLE 518 392 104.97789984746466 135.60958454415575 293.0046475779802 146.82766630455566
506 PINHOLE 518 392 141.0130073837977 169.44457312463103 167.16048392816717 166.92090382231655
507 PINHOLE 518 392 138.9814281159733 168.11817684150208 168.56181511381408 166.10997156745418
508 PINHOLE 518 392 122.88726622598489 165.53766728035038 233.3595221855648 129.87375717757212
509 PINHOLE 518 392 211.91604799400997 245.52196968953487 215.99099291578213 228.03650714026023
510 PINHOLE 518 392 128.70210939259493 155.71577935100214 171.2973437196839 172.10478769873458
511 PINHOLE 518 392 114.32737186069583 157.27978776792037 243.18882566565657 127.28735545169337
512 PINHOLE 518 392 205.27315992025729 243.02687713873806 185.458194005574 201.6964140221466
513 PINHOLE 518 392 112.74644324194344 144.07628078417062 188.73174574702887 170.50883093680633
514 PINHOLE 518 392 111.94197534723156 158.9707334788786 258.5324980950199 121.36313111087675
515 PINHOLE 518 392 183.02200787244928 238.2514897851836 171.43271953364084 175.26323370514183
516 PINHOLE 518 392 107.31651141534833 140.86336198303317 191.9905381757766 167.25356328931818
517 PINHOLE 518 392 109.88559427387574 162.26963389201688 262.66041633437703 117.3858465310844
518 PINHOLE 518 392 176.39941450511952 240.3597804950805 167.42780281097427 166.8542006382528
519 PINHOLE 518 392 106.30318931539273 138.9590898220576 193.39795580395568 169.71490531353126
520 PINHOLE 518 392 108.34776462025147 158.85464801292912 265.6036569606803 118.60455584233036
521 PINHOLE 518 392 171.15442533298662 237.11798842505678 163.27812439646814 159.25875857430827
522 PINHOLE 518 392 104.56026328622626 138.97020346766243 189.81353661543469 174.08949142931985
523 PINHOLE 518 392 103.48750008789997 152.84748089955002 262.5478043344539 123.35307887248301
524 PINHOLE 518 392 174.65885903404924 230.62516086645863 154.73328638208733 159.75228886809
525 PINHOLE 518 392 103.68453814781726 137.23619098668578 189.9248356318137 171.61581108220952
526 PINHOLE 518 392 100.91182159882005 154.17317594549058 262.17920802240394 123.95689364721572
527 PINHOLE 518 392 176.2778605460265 234.5385364388635 150.18188361454017 154.16962356692468
528 PINHOLE 518 392 103.29544710629499 138.12366786132938 191.38894785835492 170.0563564289333
529 PINHOLE 518 392 100.55486797511895 155.1280431688906 263.00707822052624 124.2851872644347
530 PINHOLE 518 392 178.31072053056855 233.90214051308732 144.97333873966645 147.28818271534678
531 PINHOLE 518 392 104.69890915216187 138.7388198162287 185.5318678899836 168.7191775483609
532 PINHOLE 518 392 98.40046533890602 155.57041992779395 255.94179890024947 124.88884652553858
533 PINHOLE 518 392 189.1590952746826 240.2732886322538 137.16782456442658 147.0724605163542
534 PINHOLE 518 392 104.22184882366864 136.89352217168022 185.1114306469043 173.3996293133354
535 PINHOLE 518 392 97.07808444003886 152.5616214924443 256.4084075136033 126.88349986272027
536 PINHOLE 518 392 189.2431970077914 236.38133512626115 135.31521181938766 147.54718853700922
537 PINHOLE 518 392 101.31794436806918 133.43835043549572 190.59320911583302 177.57899697538716
538 PINHOLE 518 392 96.72681689842426 149.2944207822402 262.7244559262151 129.92958699878244
539 PINHOLE 518 392 180.82594409897453 222.4161614545751 132.86589039395128 140.54289990231362
540 PINHOLE 518 392 96.77949175602896 130.42956340534963 202.10779327095358 175.13975720144296
541 PINHOLE 518 392 96.05451487655745 151.08168141056885 272.9971651091529 127.90738552260049
542 PINHOLE 518 392 169.8749676427766 213.87601979182583 132.00969851118305 124.8648652960823
543 PINHOLE 518 392 102.27376598909657 135.12233775940663 192.53895635935964 173.26813286129513
544 PINHOLE 518 392 93.73679912698799 149.6934623269769 261.9857114602917 127.97951912478204
545 PINHOLE 518 392 189.59644574211555 233.24618259252955 121.68342896418206 123.7619346344376
546 PINHOLE 518 392 185.92971082872617 228.8997513289437 122.9762333795001 122.69499327110809
547 PINHOLE 518 392 130.39201461723718 206.8799556175724 190.69375788681373 134.73636527063658
548 PINHOLE 518 392 260.66306347708723 278.36302291829105 295.4795147554245 318.8753043103508
549 PINHOLE 518 392 227.58228411074347 258.02158113982784 117.56986558641039 127.14445873553575
550 PINHOLE 518 392 144.0996795990199 214.89288441907158 176.8176857040572 145.58900650563518
551 PINHOLE 518 392 258.24408601203527 250.1742854059319 331.07689654411274 330.6133515585189
552 PINHOLE 518 392 289.99355252677645 288.3316224926761 135.4277148788043 138.64438409620294
553 PINHOLE 518 392 177.82608933688886 228.66499569032015 154.97078632719035 163.79654761738772
554 PINHOLE 518 392 231.9537054856271 210.2545066784473 361.5727284369375 322.1298198763691
555 PINHOLE 518 392 309.16180945154446 294.2974635413342 154.44397465063773 131.82459198011492
556 PINHOLE 518 392 192.62698942563654 237.84023440856802 147.49713507417485 168.49430557270884
557 PINHOLE 518 392 217.75671034236547 205.9790426676118 370.25788057227163 310.85536597687286
558 PINHOLE 518 392 326.2305413598748 289.7222465264834 167.99545032956814 136.71421590976053
559 PINHOLE 518 392 191.7890233285038 223.34292088273978 141.86574772170044 168.800271396275
560 PINHOLE 518 392 217.07139671307488 202.78807919958209 376.727405170416 300.3584522998073
561 PINHOLE 518 392 334.5579650716176 292.99819416666907 176.7685291924182 139.96024993178474
562 PINHOLE 518 392 199.85024356664215 229.80742877825406 141.07954139003138 172.40122172704
563 PINHOLE 518 392 217.21861428703843 199.82091932295154 379.71396392394166 295.73882814392107
564 PINHOLE 518 392 354.38182712507813 307.4386642369408 221.7905193181988 160.48054210333362
565 PINHOLE 518 392 221.96972450665973 231.62056394373894 142.81114736343568 186.18109910291756
566 PINHOLE 518 392 193.9741262086562 182.69270413589967 375.80167155494894 286.12333415816835
567 PINHOLE 518 392 341.2051052894969 311.61242048898265 310.0223323448204 194.88410770732636
568 PINHOLE 518 392 286.21387089672567 251.71214840414643 166.64818015402585 217.02095849613536
569 PINHOLE 518 392 155.1941588062661 159.1786310411989 359.85751910847364 267.26913075662276
570 PINHOLE 518 392 287.4599882397743 272.4480981391099 382.5332255060249 220.85738039602333
571 PINHOLE 518 392 352.6043558333597 254.3480510948897 215.66962315672583 238.85908747584992
572 PINHOLE 518 392 128.05397706261064 145.9730020260024 345.8650564145696 241.22614714209334
573 PINHOLE 518 392 280.41802715570765 255.82351114495728 380.18677745296725 199.09902281048116
574 PINHOLE 518 392 355.0069149497734 254.99230310625862 203.0501252445768 219.19953253055357
575 PINHOLE 518 392 131.84165114335997 152.9394345670402 352.6185506592202 228.77880449260027
576 PINHOLE 518 392 278.12735331834244 258.3058739994411 393.4418567271944 209.60157425000318
577 PINHOLE 518 392 361.2308688088389 256.80820790731093 228.1425891842158 229.3780358518398
578 PINHOLE 518 392 125.98364831013959 148.05549775541598 341.63970190163883 225.5053482661326
579 PINHOLE 518 392 276.0052057818092 258.03172845147174 401.6510429692322 211.22626627274028
580 PINHOLE 518 392 370.3406016112313 261.59190981324883 231.4632932899669 227.91544969436973
581 PINHOLE 518 392 125.40096300478046 149.30493194198428 339.7080674080199 220.78664540746396
582 PINHOLE 518 392 194.88112028191034 206.38010366479122 387.71121073504025 217.39900461471717
583 PINHOLE 518 392 356.2319056223162 253.0872822744579 328.05543425849675 217.37057518760597
584 PINHOLE 518 392 112.09252302499198 143.2909449792521 315.03065682469736 200.78799235622137
585 PINHOLE 518 392 113.48922061741096 144.0293979191381 316.8925813404526 200.24166544466925
586 PINHOLE 518 392 177.75176743845964 196.12588677132044 357.79292477067463 180.36772402193532
587 PINHOLE 518 392 107.23101157659042 144.56018576397207 250.19281981459565 152.87130868179239
588 PINHOLE 518 392 107.32286541923762 139.9832445348419 301.9656789163462 197.96888170450976
589 PINHOLE 518 392 165.86356735064066 191.05124821067233 352.7892425903483 171.0216969399007
590 PINHOLE 518 392 110.07049516811165 147.93393576665343 238.51597482287636 152.16011249630543
591 PINHOLE 518 392 106.70492157699945 138.32330155489615 292.813989265599 196.95131292639633
592 PINHOLE 518 392 156.2818181487849 186.44259072083474 346.0322191692641 166.2830973273236
593 PINHOLE 518 392 113.50934864502264 152.7111731332095 232.04750339993677 153.82501456898353
594 PINHOLE 518 392 105.72519121947332 137.07049634895853 279.7577611854445 192.46187205309033
595 PINHOLE 518 392 146.1161308758866 185.41508305610154 331.32990257519646 162.38180916972695
596 PINHOLE 518 392 122.10288144240845 160.4632283082126 221.93509351706322 149.60953786324637
597 PINHOLE 518 392 108.21584463500554 141.0623777916653 271.770727351905 188.75750768366348
598 PINHOLE 518 392 141.07829279347436 185.36939606923505 320.9436852959998 159.38210775731477
599 PINHOLE 518 392 129.80328252652245 169.96272455051457 216.17258204329835 145.6060840916422
600 PINHOLE 518 392 110.94806753691336 144.2989719125894 240.7490889587386 185.0881261568891
601 PINHOLE 518 392 127.13383308152063 174.97861635921893 293.4257249738049 153.8197447680439
602 PINHOLE 518 392 159.39214431953673 195.46245952085022 190.3426303624769 149.41586838186177
603 PINHOLE 518 392 116.16674697559007 145.26016120275003 230.7872374238495 190.33074914369888
604 PINHOLE 518 392 123.92177771354594 166.30169086256066 282.93322298706937 158.36663860487567
605 PINHOLE 518 392 169.71742774567713 197.36328746970307 183.61285259522234 157.99101729790502
606 PINHOLE 518 392 120.80090030635517 148.70468035111492 228.97912104845702 189.00635434723208
607 PINHOLE 518 392 123.92927798239907 166.83598442058926 279.95080920811455 160.8436102360073
608 PINHOLE 518 392 175.03786358363448 197.61935925921878 185.96868264730224 157.64592193903334
609 PINHOLE 518 392 124.145908042431 149.5230707183782 230.7101279014116 185.92258185395966
610 PINHOLE 518 392 128.03301377385685 169.2470561800718 276.87378944220876 160.64140204361624
611 PINHOLE 518 392 181.18301173604402 201.36482181576432 188.74080109990754 155.778325046625
612 PINHOLE 518 392 127.05482960485597 153.34150503090532 250.0511742541441 188.73257210758874
613 PINHOLE 518 392 139.09028881997023 174.93016277818336 286.80421366190814 169.2298415547499
614 PINHOLE 518 392 167.55475297678174 190.87306147094665 206.5265993293038 155.32719445423896
615 PINHOLE 518 392 137.06377960272036 165.33460127069446 261.7995185412373 185.74679385000408
616 PINHOLE 518 392 154.72557310045997 190.16809543618453 292.4798714226253 174.53929249353524
617 PINHOLE 518 392 165.02102310983418 196.60122073159866 221.75368206209325 159.49675038674357
618 PINHOLE 518 392 142.3274258770584 168.05449493584524 283.71468650659966 186.858598651363
619 PINHOLE 518 392 176.94348519726373 204.39335841295355 302.1574892988654 186.3596827790914
620 PINHOLE 518 392 153.89792508475944 186.0635289139775 241.75587340150955 162.37514164462394
621 PINHOLE 518 392 157.54208724012108 179.51650088602184 302.42128434831693 188.51131141108814
622 PINHOLE 518 392 202.729885386363 214.24249144685342 297.6324010399296 205.52305794793827
623 PINHOLE 518 392 150.80552783232972 181.43661379936637 262.32789963302525 170.21365681780316
624 PINHOLE 518 392 150.45806694143053 180.87794317638964 263.55930570376415 170.98710550345896
625 PINHOLE 518 392 162.25834155328204 207.12061539794817 273.0500660904365 192.5074919099862
626 PINHOLE 518 392 180.15062467792185 213.6442910633291 235.19092176795218 159.7725865024261
627 PINHOLE 518 392 155.35203607488324 182.33626333442123 278.3989744095419 179.58702626981042
628 PINHOLE 518 392 170.29776344575453 202.56237766350998 277.31470731508256 206.40073855170505
629 PINHOLE 518 392 167.05630488052083 198.49115659359947 246.3963653332379 166.15143927766204
630 PINHOLE 518 392 161.92355164566283 187.52660448775387 286.1098630683674 183.82578804487662
631 PINHOLE 518 392 180.7633824796087 205.5482592801545 278.57368878459584 212.68130557213172
632 PINHOLE 518 392 161.67553795296033 191.04629563364273 253.38644238826603 169.99540003083584
633 PINHOLE 518 392 154.2962926900947 180.38347394580308 276.9129663730934 182.81680149444068
634 PINHOLE 518 392 172.2375289017868 201.38579152668643 277.73325364955247 205.22812194615693
635 PINHOLE 518 392 168.07705853125404 194.51836702036522 247.3160606060422 169.2917738751587
636 PINHOLE 518 392 151.65842434953856 176.72552718393283 267.56456738360475 180.47932381286213
637 PINHOLE 518 392 167.11576893552657 200.56802252126218 276.69347310201385 193.268256923606
638 PINHOLE 518 392 168.69581244300966 195.48023245839224 239.34049229467945 164.419291379475
639 PINHOLE 518 392 151.96297602361707 174.2507725872926 261.64747788478746 181.36891781123953
640 PINHOLE 518 392 159.49377963106917 192.4437701389091 276.4847275244192 187.4125380403383
641 PINHOLE 518 392 172.725459867164 194.54254182936 233.90844369670114 165.03039653282522
642 PINHOLE 518 392 149.79860635498727 169.13355268496989 256.4161593520835 183.99126783662294
643 PINHOLE 518 392 156.35486504556363 186.33175717249893 275.20042272044583 184.93874784580774
644 PINHOLE 518 392 174.3823252025726 194.97805803952593 229.713397897258 166.3301446913755
645 PINHOLE 518 392 149.28159200298424 171.42330095441585 252.69685255776326 184.742700291429
646 PINHOLE 518 392 156.46338621640362 187.27864166559897 273.4052166864676 183.43033458087615
647 PINHOLE 518 392 178.59344830036028 195.7999044458906 227.92080969242554 169.00587797324525
648 PINHOLE 518 392 152.09739959220204 173.03658334141073 251.78402321338257 184.815311844922
649 PINHOLE 518 392 157.6687672422448 187.76290635478153 271.46043131663436 183.43436106152896
650 PINHOLE 518 392 180.7836616322751 199.62310587060517 229.43401320403282 170.75757173329927
651 PINHOLE 518 392 155.6009712842443 173.29847422769086 248.3689523289117 183.54239829231102
652 PINHOLE 518 392 157.0018859038939 186.45009172891912 265.92537870808843 183.54060830129788
653 PINHOLE 518 392 185.21730076775273 199.57659261736538 231.9764818964168 173.08064216976496
654 PINHOLE 518 392 158.6338654302769 175.78546142051934 247.66800796369165 183.45203787808225
655 PINHOLE 518 392 158.65391904262074 185.00710048996854 264.1580848521241 183.8131072586964
656 PINHOLE 518 392 187.84029421033298 201.18571857894028 233.73031659082926 174.67459488719152
657 PINHOLE 518 392 162.34032403764445 176.73831044657473 247.84788291742737 183.98832192333813
658 PINHOLE 518 392 161.32598161411343 187.98208934705977 263.6685918123679 184.120117938504
659 PINHOLE 518 392 188.13265942984754 200.50654786704092 235.28085570675162 178.01392058512263
660 PINHOLE 518 392 172.59042327694132 187.11569363365132 245.50892428125783 183.90061033467842
661 PINHOLE 518 392 162.88779205813427 188.25479353655092 261.0627456283022 186.69837331225943
662 PINHOLE 518 392 192.848513378516 208.27164106027917 239.31549808536332 184.98931907298163
663 PINHOLE 518 392 192.40395935108342 207.69214899710556 239.77084916464102 184.93598986670685
664 PINHOLE 518 392 171.79437825273456 192.60811750851977 249.99883846760454 196.8946465139552
665 PINHOLE 518 392 200.0819376190837 210.1437326951385 254.3685407425027 210.62444642851153
666 PINHOLE 518 392 197.80859285428463 212.435045743121 242.25435622701784 186.24315198730838
667 PINHOLE 518 392 178.06984501478073 195.13192282332017 248.9714338998348 198.83094200792323
668 PINHOLE 518 392 196.92420303729398 205.1888914604958 259.0862017951472 212.69691924828015
669 PINHOLE 518 392 202.3395574306084 210.7631662887158 256.0162491374494 192.30405244016822
670 PINHOLE 518 392 190.12166927525175 196.20436186679996 250.85575389487911 205.76040786950085
671 PINHOLE 518 392 190.78232109920376 198.23164725054966 267.9671098642745 215.45242104264383
672 PINHOLE 518 392 196.97379500478118 204.32457069087064 262.73612178963714 195.28406850426833
673 PINHOLE 518 392 194.42948368203653 196.52977963253701 255.36438936792737 206.7964280654653
674 PINHOLE 518 392 184.53494646204558 192.78087263617448 269.72173929739927 213.09094093724113
675 PINHOLE 518 392 196.26912632930745 202.88312531193054 264.2788962666602 195.13966690163264
676 PINHOLE 518 392 195.62960996422717 197.46312725887165 257.23600690438667 205.46387516789412
677 PINHOLE 518 392 185.86563895088264 193.37505054993434 269.4247271560637 211.0225828472115
678 PINHOLE 518 392 193.75504958221885 202.1051660493156 260.28670627464953 193.79467636821946
679 PINHOLE 518 392 186.74638012763003 195.41398162758074 255.822397371066 203.5006304442847
680 PINHOLE 518 392 186.9431272239888 194.71338668518132 265.9787348515525 210.38145782062247
681 PINHOLE 518 392 191.24404438131404 200.35807120224504 251.85371250703662 190.43147380779192
682 PINHOLE 518 392 186.34967577554568 200.01533485820752 254.4782718512136 199.4330788535291
683 PINHOLE 518 392 190.50493691231557 199.02738029076588 260.5949591209557 206.92406391298124
684 PINHOLE 518 392 189.0844776510351 201.61141313797125 251.65160400863323 188.63686278275398
685 PINHOLE 518 392 181.62650622897095 197.25298085122787 258.02090348265733 195.80323111365797
686 PINHOLE 518 392 187.28945202181916 199.852380474113 256.13556537060856 202.55803134882333
687 PINHOLE 518 392 185.3723327101087 195.4943590361173 254.78772453491496 188.39366823042366
688 PINHOLE 518 392 181.91857242438806 196.68660214912148 260.185194678523 194.84502356500366
689 PINHOLE 518 392 183.41198258768802 196.04726054993984 256.2251518213823 199.28797968184455
690 PINHOLE 518 392 182.80691402975904 194.969178683089 259.0830870947966 188.08854834896812
691 PINHOLE 518 392 186.77993088748437 201.71845903061586 261.38050255418113 196.04463864192144
692 PINHOLE 518 392 184.7717732190776 196.764514478412 257.5099304711154 196.3438903577012
693 PINHOLE 518 392 183.55955374623807 195.06733669340085 262.0328059623087 188.40841792778187
694 PINHOLE 518 392 186.19086983561814 197.79126270731018 260.5369588984829 197.62035630616415
695 PINHOLE 518 392 182.74705254734647 195.73765787529365 259.9711205373581 195.62193950199276
696 PINHOLE 518 392 188.97628099390022 196.88716397358385 263.5720907335113 189.42679438538602
697 PINHOLE 518 392 185.8116471886985 194.62307436092073 257.9370772774529 199.5608431158279
698 PINHOLE 518 392 182.8626604935597 192.682147887078 262.6663749576988 194.95042304699575
699 PINHOLE 518 392 192.34467543575866 197.70652032809974 263.22267118260936 189.86496931368706
700 PINHOLE 518 392 186.63495783679915 194.82473830361783 257.9019529219573 200.31039709359484
701 PINHOLE 518 392 184.0142373615359 194.81341133352535 262.6162031179798 195.45004969222327
